13.4 19.5 20.8 82
13.1 19.1 20.7 79
12.9 18.9 20.6 78
13 18.9 20.6 78
13.1 19.1 20.5 81
13.4 19.3 20.4 84
13.3 19.2 20.3 84
13.3 19.2 20.3 84
12.8 19.1 20.2 85
12.7 18.7 20.2 80
12.7 18.5 20.1 78
12.4 18.4 20.1 78
11.9 18.4 20 80
11.7 18.1 20 77
11.8 18.1 19.9 78
11.5 18 19.9 77
11.7 18 19.8 78
12.1 18.1 19.8 78
12.1 18.1 19.7 79
11.9 18.1 19.7 79
11.7 18 19.7 79
11.6 17.9 19.7 78
11.9 18 19.7 78
12 18 19.7 78
11.7 17.8 19.7 76
12 18 19.7 78
12 17.9 19.7 77
11.8 17.9 19.8 76
11.8 17.9 19.8 76
11.8 18 19.8 78
11.6 18 19.8 78
11.2 17.9 19.8 78
11.1 17.7 19.8 76
10.7 17.7 19.8 77
10.9 17.7 19.8 76
10.6 17.6 19.7 77
10.4 17.4 19.7 75
10.3 17.4 19.7 76
10.1 17.4 19.7 76
10.2 17.3 19.6 76
9.8 17.2 19.6 76
9.5 17 19.5 75
9.8 17 19.5 74
10.3 17.2 19.4 76
9.6 17.1 19.4 77
9.9 17 19.4 75
10 17 19.4 74
10 17.1 19.4 76
9.6 17 19.4 76
9.7 17 19.4 75
9.5 16.9 19.4 75
10 17.1 19.4 76
10 17.2 19.4 77
10.5 17.3 19.4 76
10.4 17.3 19.4 77
10.5 17.5 19.4 79
10.7 17.5 19.4 78
10.5 17.3 19.4 76
